"fips_fixed","clinton","trump","johnson","stein","other","totalvotes","state","jurisdiction"
"01001",0.237696712449445,0.727665879149481,0.0218636127017179,0.00420454090417651,0.00856925479517879,24973,"AL","Autauga"
"01003",0.193856010082445,0.765457123352413,0.0258782754818043,0.00478916137163262,0.0100194297117051,95215,"AL","Baldwin"
"01005",0.465278441111854,0.520966663482663,0.00888336994937434,0.00171936192568536,0.00315216353042315,10469,"AL","Barbour"
"01007",0.212495747817213,0.764032203197641,0.0140605510828892,0.00192765619684772,0.00748384170540878,8819,"AL","Bibb"
"01009",0.0842582460528373,0.893348444583398,0.0132093168672815,0.00347819290292325,0.00570579959355948,25588,"AL","Blount"
"01011",0.749469214437367,0.24203821656051,0.00467091295116773,0.00212314225053079,0.00169851380042463,4710,"AL","Bullock"
"01013",0.426706367384333,0.561268896014659,0.00744388456252863,0.00148877691250573,0.00309207512597343,8732,"AL","Butler"
"01015",0.276658866789236,0.686632960053485,0.0233160621761658,0.00547384255390272,0.00791826842721043,47864,"AL","Calhoun"
"01017",0.416115107913669,0.564244604316547,0.0120863309352518,0.00316546762589928,0.00438848920863309,13900,"AL","Chambers"
"01019",0.144134911022081,0.834156340259014,0.0136960775179353,0.00242243547936271,0.00559023572160626,10733,"AL","Cherokee"
"01021",0.158473515161413,0.821002776416789,0.0124122162338723,0.00283085633404105,0.00528063585388426,18369,"AL","Chilton"
"01023",0.426357652221613,0.563082830499177,0.00713110257816786,0.000822819528250137,0.0026055951727921,7292,"AL","Choctaw"
"01025",0.441178727649451,0.547924180799632,0.00759726805310414,0.00130458138285627,0.00199524211495664,13031,"AL","Clarke"
"01027",0.186745169082126,0.791817632850242,0.0140398550724638,0.00241545893719807,0.00498188405797101,6624,"AL","Clay"
"01029",0.103746397694524,0.874260579402396,0.0136508418019111,0.00303352040042469,0.00530866070074321,6593,"AL","Cleburne"
"01031",0.203255164443588,0.764433957721385,0.0190687147878846,0.00500794529782829,0.00823421774931381,20767,"AL","Coffee"
"01033",0.293477824603652,0.67212522576761,0.0205097330925146,0.00429460164559502,0.00959261489062814,24915,"AL","Colbert"
"01035",0.467729688686409,0.519362186788155,0.00774487471526196,0.00151860288534548,0.00364464692482916,6585,"AL","Conecuh"
"01037",0.339299314546839,0.643754760091394,0.0100913937547601,0.00266565118050267,0.00418888042650419,5252,"AL","Coosa"
"01039",0.149749058971142,0.832308657465496,0.0114805520702635,0.00225846925972396,0.00420326223337516,15940,"AL","Covington"
"01041",0.265517791606829,0.720121270145205,0.0103717887346418,0.00223392372746131,0.00175522578586245,6267,"AL","Crenshaw"
"01043",0.10028252316954,0.871042695323845,0.0181395717265598,0.00353814062788794,0.00699706915216645,37873,"AL","Cullman"
"01045",0.235372553202837,0.736465944850392,0.0186676622753214,0.00330684303162835,0.00618699663982079,18749,"AL","Dale"
"01047",0.683056619838229,0.308056619838229,0.00510855683269476,0.00127713920817369,0.00250106428267348,18792,"AL","Dallas"
"01049",0.140246263455433,0.828815921939131,0.0177340664446682,0.00588554170216061,0.0073182064586076,25826,"AL","DeKalb"
"01051",0.226596886741814,0.741653247450349,0.0198067632850242,0.00300590445517982,0.00893719806763285,37260,"AL","Elmore"
"01053",0.31020545638262,0.669248905355339,0.0126641966992253,0.00249242169080498,0.00538901987201078,14845,"AL","Escambia"
"01055",0.236436916945929,0.732564985055701,0.0189068019201159,0.00371343175437008,0.00837786432388371,44164,"AL","Etowah"
"01057",0.165110922536065,0.813674384773912,0.0132137228755001,0.00290944356891744,0.00509152624560553,8249,"AL","Fayette"
"01059",0.182475083056478,0.786212624584718,0.0197674418604651,0.00448504983388704,0.00705980066445183,12040,"AL","Franklin"
"01061",0.129698928389182,0.84997448545671,0.0126722231672053,0.00204116346317401,0.00561319952372853,11758,"AL","Geneva"
"01063",0.82233606557377,0.17172131147541,0.00266393442622951,0.00102459016393443,0.00225409836065574,4880,"AL","Greene"
"01065",0.593905472636816,0.394651741293532,0.00671641791044776,0.00149253731343284,0.00323383084577114,8040,"AL","Hale"
"01067",0.28394449950446,0.697720515361744,0.0112735381565907,0.00210604558969277,0.00495540138751239,8072,"AL","Henry"
"01069",0.250099674007364,0.720654799596613,0.0182696592321584,0.00337718989657356,0.00759867726729051,42639,"AL","Houston"
"01071",0.17503812428517,0.79451010293557,0.0187285550895921,0.00428898208158597,0.00743423560808235,20984,"AL","Jackson"
"01073",0.515705592867639,0.443037433717631,0.0218448277562453,0.00510863240529799,0.0143035132531863,304191,"AL","Jefferson"
"01075",0.148722365776629,0.835917312661499,0.00890037324145851,0.00215331610680448,0.00430663221360896,6966,"AL","Lamar"
"01077",0.251790006325111,0.705857052498419,0.0249715370018975,0.00561669829222011,0.0117647058823529,39525,"AL","Lauderdale"
"01079",0.244588306696338,0.730528019421404,0.0168588576438061,0.00209049834783195,0.00593431789061973,14829,"AL","Lawrence"
"01081",0.358669392306263,0.584835532428917,0.034295754422125,0.00614958355155345,0.0160497372911422,59191,"AL","Lee"
"01083",0.234972948826128,0.721372909117983,0.0261825581972502,0.0050131533230754,0.0124584305355636,40294,"AL","Limestone"
"01085",0.730550568521843,0.261968880909635,0.00478755236385398,0.00164572112507481,0.00104727707959306,6684,"AL","Lowndes"
"01087",0.827789934354486,0.156564551422319,0.0075492341356674,0.00536105032822757,0.00273522975929978,9140,"AL","Macon"
"01089",0.384493448151344,0.547894901125535,0.040522923819841,0.00767493527716064,0.0194137916261193,163389,"AL","Madison"
"01091",0.510733127160269,0.475986901946516,0.00945970529379662,0.00118246316172458,0.00263780243769329,10994,"AL","Marengo"
"01093",0.110289587184227,0.868299445471349,0.0139402341343192,0.00200246457178065,0.00546826863832409,12984,"AL","Marion"
"01095",0.139228678219504,0.827755125155737,0.0191980971797486,0.00447389285309775,0.00934420659191301,35316,"AL","Marshall"
"01097",0.417895413258306,0.550640569188998,0.0190520849615311,0.00457921580205746,0.00783271678910714,172737,"AL","Mobile"
"01099",0.421770032129296,0.564209911401032,0.00856781228702171,0.00165514555544738,0.0037970986272028,10271,"AL","Monroe"
"01101",0.61448924675108,0.354648615949436,0.0154988631385719,0.00511066146561255,0.0102526126953003,95878,"AL","Montgomery"
"01103",0.22221783429429,0.74018639917858,0.0230629492141221,0.00430455730195087,0.0102282600110576,50644,"AL","Morgan"
"01105",0.724516862447897,0.26657824933687,0.00435771125426298,0.00113679424024252,0.00341038272072755,5278,"AL","Perry"
"01107",0.416264933976106,0.571787885139384,0.00513519178369315,0.0019911968140851,0.00482079228673234,9542,"AL","Pickens"
"01109",0.383961117861482,0.584219319562576,0.0195170109356015,0.00364520048602673,0.00865735115431349,13168,"AL","Pike"
"01111",0.224894473348385,0.756356140178659,0.0121723765583587,0.00186512221458722,0.00471188770000982,10187,"AL","Randolph"
"01113",0.497455338595762,0.478292480265891,0.014592854175322,0.00353136684669713,0.00612796011632738,19256,"AL","Russell"
"01115",0.145546875,0.824244791666667,0.0178125,0.00338541666666667,0.00901041666666667,38400,"AL","St Clair"
"01117",0.226924368420013,0.721156695044146,0.0292827937661722,0.00474055345961641,0.0178955893100519,101254,"AL","Shelby"
"01119",0.740290126345344,0.246607393542349,0.00889096864763687,0.0021837466853845,0.0020277647792856,6411,"AL","Sumter"
"01121",0.362828149788966,0.617056305564702,0.0123028107881582,0.00317298769718921,0.00463974616098423,33407,"AL","Talladega"
"01123",0.283228984912245,0.697629067022478,0.0119573026788464,0.00266858257210305,0.00451606281432824,19486,"AL","Tallapoosa"
"01125",0.384062877871826,0.577061668681983,0.0226481257557437,0.00471584038694075,0.0115114873035067,82700,"AL","Tuscaloosa"
"01127",0.152585504885993,0.82335776330076,0.0154383821932682,0.00322339847991314,0.00539495114006515,29472,"AL","Walker"
"01129",0.278213992734091,0.708074534161491,0.0085550216805344,0.00257822571194187,0.00257822571194187,8533,"AL","Washington"
"01131",0.708639555773314,0.284501061571125,0.00359300996243671,0.0011432304425935,0.00212314225053079,6123,"AL","Wilcox"
"01133",0.0845534761950936,0.894792979734316,0.0127024144283914,0.00281198487346068,0.00513914476873849,10313,"AL","Winston"
"04001",0.629927357203437,0.303846012021092,0.0450237840628342,0.0172941480143073,0.00390869869832958,27119,"AZ","Apache"
"04003",0.353353312813867,0.568848209946541,0.0484772395917706,0.0201077271990928,0.00921351044872833,49384,"AZ","Cochise"
"04005",0.554483230663929,0.361190965092402,0.0509582477754962,0.0241957563312799,0.00917180013689254,58440,"AZ","Coconino"
"04007",0.313866977411259,0.635622086769451,0.0359896020078881,0.0095016134815346,0.00501972032986734,22312,"AZ","Gila"
"04009",0.272045492005934,0.661364760178012,0.0409592879512115,0.0095599142904236,0.016070545574419,12134,"AZ","Graham"
"04011",0.33394495412844,0.578593272171254,0.0611620795107034,0.0180428134556575,0.00825688073394495,3270,"AZ","Greenlee"
"04012",0.267993874425727,0.681129828143611,0.0359026714310022,0.0124213033860813,0.00255232261357836,5877,"AZ","LaPaz"
"04013",0.453752441743518,0.482449141371301,0.0432787338180025,0.0125440740353419,0.00797560903183659,1549098,"AZ","Maricopa"
"04015",0.219985884606659,0.734529780959343,0.0332593955586923,0.00932624202858367,0.00289869684672195,79346,"AZ","Mohave"
"04017",0.41506531497453,0.518913602663035,0.0355575730065063,0.017728350229485,0.0127351591264437,39654,"AZ","Navajo"
"04019",0.539508378600349,0.402067153677315,0.0375103861984833,0.014888885686978,0.00602519583687545,416418,"AZ","Pima"
"04021",0.373415254105135,0.567771765403028,0.0390631091427948,0.0115084129929671,0.00824145835607466,128254,"AZ","Pinal"
"04023",0.717750353042304,0.239270583901271,0.0265242217719654,0.0135691041935286,0.00288573709093142,16287,"AZ","SantaCruz"
"04025",0.314521545477041,0.630368694545583,0.0353140796776132,0.0140337233553678,0.00576195694439535,113156,"AZ","Yavapai"
"04027",0.0974779728701826,0.892039331896552,0.00742029031440162,0.00257115238336714,0.000491252535496957,252416,"AZ","Yuma"
"05001",0.312137797810689,0.615904700579524,0.0202833226014166,0.0103026400515132,0.0413715389568577,6212,"AR","Arkansas"
"05003",0.297909192131634,0.660398366942967,0.0192997649387604,0.00420635902511444,0.0181863169615242,8083,"AR","Ashley"
"05005",0.21091773752909,0.742790650612162,0.0228675503389659,0.00708286957401599,0.0163411919457655,19766,"AR","Baxter"
"05007",0.28923613980005,0.628676774353466,0.0399797570850202,0.00980128893662728,0.0323060398248368,96824,"AR","Benton"
"05009",0.181615045621004,0.759419030476072,0.0235243001675874,0.00831729873999131,0.0271243249953448,16111,"AR","Boone"
"05011",0.36052559540104,0.592389816589105,0.0199835751437175,0.00437996167533534,0.0227210511908021,3653,"AR","Bradley"
"05013",0.281621859850154,0.685764654032613,0.0193918025561922,0.00132216835610401,0.0118995152049361,2269,"AR","Calhoun"
"05015",0.310652537646403,0.630786391522588,0.0221230712028258,0.0195203569436698,0.0169176426845138,10758,"AR","Carroll"
"05017",0.562739463601533,0.410919540229885,0.00838122605363985,0.00359195402298851,0.014367816091954,4176,"AR","Chicot"
"05019",0.42458362655407,0.516537649542576,0.0229885057471264,0.00797560403471734,0.0279146141215107,8526,"AR","Clark"
"05021",0.230576923076923,0.727115384615385,0.0192307692307692,0.00673076923076923,0.0163461538461538,5200,"AR","Clay"
"05023",0.173851882498966,0.782623086470832,0.0189491104675217,0.00521307405875052,0.0193628465039305,12085,"AR","Cleburne"
"05025",0.215563506261181,0.734048896839595,0.0175909361955874,0.00238521168753727,0.0304114490161002,3354,"AR","Cleveland"
"05027",0.353325081579836,0.613930460222797,0.0131652976257455,0.00450095645324632,0.0150782041183752,8887,"AR","Columbia"
"05029",0.335057398763719,0.611706824776082,0.0215718430679955,0.00542449854926202,0.0262394348429418,7927,"AR","Conway"
"05031",0.296235909257021,0.643521772130548,0.0289826553847019,0.00854580721333596,0.0227138560143929,35573,"AR","Craighead"
"05033",0.199910913140312,0.743251670378619,0.0258797327394209,0.00770601336302895,0.0232516703786192,22450,"AR","Crawford"
"05035",0.527206619859579,0.436559679037111,0.0151705115346038,0.00601805416248746,0.0150451354062187,15952,"AR","Crittenden"
"05037",0.290805935408787,0.666860634274076,0.0152749490835031,0.00349141693337213,0.0235670643002619,6874,"AR","Cross"
"05039",0.420425839047275,0.544568747744497,0.00938289426199928,0.00433056658246121,0.0212919523637676,2771,"AR","Dallas"
"05041",0.523373267559314,0.450786939159032,0.0103359173126615,0.000939628846605591,0.0145642471223867,4257,"AR","Desha"
"05043",0.358605003790751,0.601667930250189,0.0168309325246399,0.00652009097801365,0.0163760424564064,6595,"AR","Drew"
"05045",0.307803985103205,0.617459549308814,0.0352431249605487,0.0107517831969196,0.0287415574305132,47527,"AR","Faulkner"
"05047",0.203249630723781,0.744313146233383,0.0261447562776957,0.00502215657311669,0.0212703101920236,6770,"AR","Franklin"
"05049",0.223595976529757,0.727367979882649,0.0224224643755239,0.00859178541492037,0.01802179379715,4772,"AR","Fulton"
"05051",0.301703222644284,0.639308908222032,0.0242372258301679,0.00948413184658743,0.0252665114569293,40805,"AR","Garland"
"05053",0.184419073203492,0.768972464741437,0.0237743451981195,0.00402955003357958,0.0188045668233714,7445,"AR","Grant"
"05055",0.210342465753425,0.734246575342466,0.0276712328767123,0.00664383561643836,0.0210958904109589,14600,"AR","Greene"
"05057",0.337210951908072,0.624343878564335,0.0150375939849624,0.00312101007235069,0.0202865654702795,7049,"AR","Hempstead"
"05059",0.263647019423979,0.684192900200938,0.0200100468854655,0.00937709310113865,0.0227729403884796,11944,"AR","Hot Spring"
"05061",0.289045785194694,0.675438596491228,0.0128369704749679,0.0047068891741549,0.0179717586649551,4674,"AR","Howard"
"05063",0.211620390774203,0.729836932569414,0.0258557367415895,0.00624357279271338,0.0264433671220802,13614,"AR","Independence"
"05065",0.204295154185022,0.741923641703377,0.0229441997063142,0.00825991189427313,0.0225770925110132,5448,"AR","Izard"
"05067",0.307020946470132,0.633630721489527,0.0215283165244375,0.00504266873545384,0.03277734678045,5156,"AR","Jackson"
"05069",0.609098632887928,0.357225612110914,0.0114312195875492,0.00606318065961227,0.0161813547539971,25894,"AR","Jefferson"
"05071",0.266352063213345,0.668459174714662,0.0322651448639157,0.00987708516242318,0.0230465320456541,9112,"AR","Johnson"
"05073",0.360839160839161,0.614685314685315,0.00909090909090909,0.00174825174825175,0.0136363636363636,2860,"AR","Lafayette"
"05075",0.222163588390501,0.714863676341249,0.029023746701847,0.00686015831134565,0.0270888302550572,5685,"AR","Lawrence"
"05077",0.573364177131527,0.406146728354263,0.00727032385988103,0.00198281559814937,0.0112359550561798,3026,"AR","Lee"
"05079",0.32723470987977,0.641662310507057,0.0125457396759017,0.00418191322530057,0.0143753267119707,3826,"AR","Lincoln"
"05081",0.267266118232256,0.689688157643008,0.0162617180026784,0.00267840061220585,0.0241056055098527,5227,"AR","Little River"
"05083",0.216513066532004,0.72541345789673,0.0246181037747759,0.00681732104532256,0.0266380507511678,7921,"AR","Logan"
"05085",0.2090036900369,0.736457564575646,0.0283025830258303,0.00634686346863469,0.0198892988929889,27100,"AR","Lonoke"
"05087",0.232129805583979,0.720362520099401,0.0210495541587487,0.00789358280953077,0.0185645373483409,6841,"AR","Madison"
"05089",0.201772899957788,0.750809061488673,0.0220908962994231,0.00787955536794709,0.0174475868861686,7107,"AR","Marion"
"05091",0.265552172021627,0.701883040208812,0.0147287303461562,0.00428811136660245,0.0135479460568019,16091,"AR","Miller"
"05093",0.429415328688276,0.534762193274765,0.0137079672826416,0.00492275068161163,0.0171917600727052,13204,"AR","Mississippi"
"05095",0.454923717059639,0.51629680998613,0.0128294036061026,0.00312066574202497,0.0128294036061026,2884,"AR","Monroe"
"05097",0.21017139645968,0.742624332677718,0.0146108457431863,0.00927226749086822,0.0233211576285473,3559,"AR","Montgomery"
"05099",0.356438693776956,0.616142945163278,0.0107825015403574,0.00184842883548983,0.0147874306839187,3246,"AR","Nevada"
"05101",0.186250999200639,0.76605382360778,0.0130562216893152,0.0183852917665867,0.0162536637356781,3753,"AR","Newton"
"05103",0.434927025666834,0.538600905888274,0.00976346250629089,0.00241570206341218,0.0142929038751887,9935,"AR","Ouachita"
"05105",0.243613562470971,0.698560148629819,0.0262424523920111,0.00882489549465862,0.0227589410125406,4306,"AR","Perry"
"05107",0.619876312383144,0.351790593988207,0.00891701423845822,0.00287645620595426,0.016539623184237,6953,"AR","Phillips"
"05109",0.172067319768902,0.791258477769405,0.0183371012308465,0.00200954534036674,0.0163275558904798,3981,"AR","Pike"
"05111",0.243460243460243,0.712509712509713,0.0199430199430199,0.0044030044030044,0.0196840196840197,7722,"AR","Poinsett"
"05113",0.147248207994168,0.804033531770137,0.0199246750091119,0.00680354756408699,0.0219900376624954,8231,"AR","Polk"
"05115",0.221542824227923,0.720280030129824,0.0273826930745713,0.00996942709025655,0.0208250254774248,22569,"AR","Pope"
"05117",0.236353077816492,0.727351916376307,0.016260162601626,0.00290360046457607,0.0171312427409988,3444,"AR","Prairie"
"05119",0.560622371319848,0.38339300020028,0.0270879230923293,0.00971985780092129,0.0191768475866213,159776,"AR","Pulaski"
"05121",0.223389245963317,0.706850603542875,0.0318231697758269,0.00830851230600408,0.0296284684119768,6379,"AR","Randolph"
"05123",0.542530282637954,0.430013458950202,0.00861372812920592,0.00242261103633917,0.0164199192462988,7430,"AR","St Francis"
"05125",0.254433781190019,0.688349328214971,0.0281381957773512,0.00625719769673704,0.0228214971209213,52100,"AR","Saline"
"05127",0.171509971509972,0.778062678062678,0.0236467236467236,0.00712250712250712,0.0196581196581197,3510,"AR","Scott"
"05129",0.161212446351931,0.792650214592275,0.0182403433476395,0.00482832618025751,0.023068669527897,3728,"AR","Searcy"
"05131",0.275556152967269,0.652530411990053,0.0365167910029796,0.0107758137867688,0.0246208302529292,44637,"AR","Sebastian"
"05133",0.235642262165717,0.719421306444542,0.0181937746602367,0.00438404208680403,0.0223586146427006,4562,"AR","Sevier"
"05135",0.203062491378121,0.745895985653194,0.0213822596220168,0.00675955304179887,0.0228997103048696,7249,"AR","Sharp"
"05137",0.215707369553523,0.737493275954814,0,0.011117088040165,0.0356822664514972,5577,"AR","Stone"
"05139",0.346572747721084,0.618917959038712,0.01627796850953,0.00414348289333491,0.0140878418373387,16894,"AR","Union"
"05141",0.211064177680883,0.733342417223055,0.0247990189399101,0.00722169232865513,0.0235726938274969,7339,"AR","Van Buren"
"05143",0.407593359475208,0.506663734867641,0.0410451863524755,0.0160760313213863,0.0286216879832887,81861,"AR","Washington"
"05145",0.184649451766135,0.752776884888746,0.0248223150826815,0.00539304975177685,0.0323582985106611,27999,"AR","White"
"05147",0.434850252819914,0.52392065344224,0.0175029171528588,0.00466744457409568,0.0190587320108907,2571,"AR","Woodruff"
"05149",0.229849355489983,0.715639074390433,0.0243826681161671,0.0072992700729927,0.022829631930424,6439,"AR","Yell"
"06001",0.786900129305206,0.146610094365289,0.0258396432032232,0.0272519128305613,0.0133982202957207,654266,"CA","Alameda"
"06003",0.554817275747508,0.36046511627907,0.0415282392026578,0.0348837209302326,0.00830564784053156,602,"CA","Alpine"
"06005",0.338558700800722,0.591237171534905,0.0453366414796436,0.0128002706665163,0.0120672155182136,17734,"CA","Amador"
"06007",0.434965049600268,0.47239546272655,0.0483968858565987,0.0271441128458415,0.0170984889707421,95564,"CA","Butte"
"06009",0.343360995850622,0.583981673582296,0.0477178423236514,0.0183264177040111,0.00661307053941909,23136,"CA","Calaveras"
"06011",0.401236429433052,0.53543425814234,0.0392038600723764,0.012816646562123,0.0113088057901086,6632,"CA","Colusa"
"06013",0.684908028101035,0.248739207379203,0.0345857242451869,0.0185273770579718,0.0132396632166032,466175,"CA","Contra Costa"
"06015",0.364616028457836,0.537141661435447,0.043523749738439,0.0256329776103787,0.0290855827578991,9558,"CA","Del Norte"
"06017",0.388969024799393,0.526193757946811,0.0537124296139586,0.0152258229958009,0.0158989646440363,93591,"CA","El Dorado"
"06019",0.500642889780709,0.439393027036792,0.032750186845377,0.0152309975594983,0.0119828987776239,282319,"CA","Fresno"
"06021",0.323653643083421,0.611193241816262,0.0395987328405491,0.0102428722280887,0.015311510031679,9470,"CA","Glenn"
"06023",0.560375383992168,0.310113762954461,0.0365087938426223,0.0621307767613003,0.0308712824494481,59246,"CA","Humboldt"
"06025",0.679274708365391,0.264165852238465,0.0253893659936371,0.0154914640993117,0.015678609303196,48091,"CA","Imperial"
"06027",0.390180558990848,0.525352461043779,0.040563937670047,0.0264654959188721,0.0174375463764531,8086,"CA","Inyo"
"06029",0.404193100510724,0.530727423893055,0.0383309510449986,0.0118240683477841,0.0149244562034379,244163,"CA","Kern"
"06031",0.401503759398496,0.533480760725343,0.0394515701017249,0.0121185316231756,0.0134453781512605,33915,"CA","Kings"
"06033",0.469301110385369,0.43268288700196,0.0447011757021555,0.0379653821032005,0.0153494448073155,24496,"CA","Lake"
"06035",0.211326491828202,0.719688331432915,0.0449448878753326,0.00997719498289624,0.0140630938806537,10524,"CA","Lassen"
"06037",0.717572215421564,0.224133362528929,0.0259056555207046,0.0222650385463389,0.010123727982464,3434308,"CA","Los Angeles"
"06039",0.394994433104472,0.541774911857487,0.0361384301354611,0.0149378363332715,0.0121543885693078,43112,"CA","Madera"
"06041",0.780531761360781,0.156318884493046,0.0300129960581017,0.0223230633360379,0.0108132947520338,139273,"CA","Marin"
"06043",0.351695392587586,0.584093725357666,0.0367241185085051,0.0212909766813113,0.00619578686493185,8877,"CA","Mariposa"
"06045",0.589134669263815,0.29052485524455,0.0355151159377752,0.0562478320036289,0.0285775275502308,37477,"CA","Mendocino"
"06047",0.527158174292616,0.405783384424134,0.0340448374747489,0.0170789246916894,0.0159346791168119,70789,"CA","Merced"
"06049",0.231520591341077,0.711721224920803,0.0322069693769799,0.0131995776135164,0.0113516367476241,3788,"CA","Modoc"
"06051",0.525587566338135,0.400113722517058,0.0420773313115997,0.0269143290371494,0.00530705079605762,5276,"CA","Mono"
"06053",0.667786039817702,0.261566023027105,0.0340834132885584,0.0211606500359799,0.0154038738306548,133408,"CA","Monterey"
"06055",0.638711464511504,0.283696148080558,0.041566186534576,0.0205631232483869,0.0154630776249756,61372,"CA","Napa"
"06057",0.474251388004005,0.425320833712569,0.0432875216164558,0.0398470920178393,0.0172931646491308,54935,"CA","Nevada"
"06059",0.509353071887675,0.423498210052266,0.0385195750220664,0.0150878356204192,0.0135413074175735,1197521,"CA","Orange"
"06061",0.402042233877893,0.520337564742752,0.05056361060824,0.0136787009336083,0.0133778898375073,182839,"CA","Placer"
"06063",0.357482430756511,0.560148821827201,0.0424762298470442,0.0192228193468375,0.020669698222406,9676,"CA","Plumas"
"06065",0.497337604522812,0.443501452639172,0.0320592075231138,0.0150653920528726,0.01203634326203,751391,"CA","Riverside"
"06067",0.582881304417786,0.339314894606047,0.0436450753580176,0.0176032038331575,0.0165555217849928,559330,"CA","Sacramento"
"06069",0.571109286626528,0.357644590403211,0.0371738733807699,0.016602809706258,0.017469439883233,21924,"CA","San Benito"
"06071",0.52116492324724,0.414750842147273,0.0321873810175494,0.0162144887558239,0.0156823648321134,653983,"CA","San Bernardino"
"06073",0.562979179424372,0.365711879975505,0.039546080832823,0.0174678505817514,0.0142950091855481,1306400,"CA","San Diego"
"06075",0.850396262124438,0.0928751675735352,0.0218905251951739,0.0244065925400205,0.0104314525668323,405792,"CA","San Francisco"
"06077",0.540331718458642,0.396741700347064,0.0359064264875137,0.0139807107233033,0.0130394439834765,224166,"CA","San Joaquin"
"06079",0.497055751838766,0.416001896169885,0.0479449518180269,0.0210948899702983,0.0179025102030235,135009,"CA","San Luis Obispo"
"06081",0.756660644307598,0.184261921726296,0.0301033131457072,0.0162285612499364,0.0127455595704616,314384,"CA","San Mateo"
"06083",0.606054778093288,0.318831807948593,0.0381704433608996,0.0210367336780062,0.0159062369192131,176786,"CA","Santa Barbara"
"06085",0.727124422168823,0.205803819476517,0.0359878870385344,0.0179960750821717,0.0130877962339547,703709,"CA","Santa Clara"
"06087",0.739390316796175,0.174179675673997,0.0335737185707299,0.0348157520901095,0.0180405368689888,128821,"CA","Santa Cruz"
"06089",0.27857794211335,0.646796497320525,0.0422470113549773,0.0162392415025046,0.016139307708643,80053,"CA","Shasta"
"06091",0.328415300546448,0.572677595628415,0.053551912568306,0.0229508196721311,0.0224043715846995,1830,"CA","Sierra"
"06093",0.353015811048214,0.553435487019325,0.0426995900839352,0.028059730626586,0.0227893812219403,20492,"CA","Siskiyou"
"06095",0.61620703978617,0.312558318734837,0.0376490702112417,0.0166814156628319,0.0169041556049195,166113,"CA","Solano"
"06097",0.693763972791704,0.222301980947274,0.0388621985444513,0.0317703986542877,0.0133014490622824,231253,"CA","Sonoma"
"06099",0.474289266088088,0.455973417912702,0.0386997083870668,0.0148827158342337,0.0161548917779094,172146,"CA","Stanislaus"
"06101",0.390060555439549,0.542194910956657,0.0428660919368792,0.0113951615308892,0.013483280136026,33523,"CA","Sutter"
"06103",0.284800066923206,0.648067592437678,0.0398611343483353,0.0121298310189058,0.0151413752718755,23908,"CA","Tehama"
"06105",0.38937741822019,0.49454801266268,0.0531129088990503,0.0420330636651425,0.020928596552937,5686,"CA","Trinity"
"06107",0.423602827282924,0.518979115850944,0.0338276924172557,0.0144212793989353,0.00916908504994036,112334,"CA","Tulare"
"06109",0.357358298405735,0.569979239296486,0.0431274237142074,0.0150417172627208,0.0144933213208508,25529,"CA","Tuolumne"
"06111",0.552708642522873,0.376210459277961,0.0388910686159112,0.0179543167124409,0.0142355128708142,351726,"CA","Ventura"
"06113",0.666975271043976,0.252637349250822,0.0407601413083201,0.0216713363381654,0.017955902058716,82090,"CA","Yolo"
"06115",0.343942951561005,0.572658492042786,0.0462214105574398,0.0190451343595095,0.0181320114792591,22998,"CA","Yuba"
"08001",0.498582603981101,0.413507861513438,0.0510830557922185,0.0139570908527612,0.0228693878604807,193665,"CO","Adams"
"08003",0.459576307825335,0.438968151030408,0.0583657587548638,0.0168612191958495,0.0262285631935437,6939,"CO","Alamosa"
"08005",0.527593170673759,0.386254891996595,0.0528038647598054,0.0126350455046429,0.020713027065198,303046,"CO","Arapahoe"
"08007",0.340645864559204,0.581005586592179,0.0451015124676386,0.0158059681155471,0.0174410682654313,7339,"CO","Archuleta"
"08009",0.13144449605202,0.81421272642824,0.0236878773803994,0.00836042731072922,0.0222944728286112,2153,"CO","Baca"
"08011",0.306175402179554,0.616502335236118,0.0430721328489881,0.0103788271925272,0.0238713025428127,1927,"CO","Bent"
"08013",0.703372984235312,0.220025300039332,0.0427017890742099,0.0198413963920868,0.0140585302590596,188142,"CO","Boulder"
"08014",0.523521451882512,0.381198758258378,0.0576826129639948,0.0131868715009685,0.0244103053941468,37689,"CO","Broomfield"
"08015",0.434488888888889,0.4792,0.0477333333333333,0.0176,0.0209777777777778,11250,"CO","Chaffee"
"08017",0.11978221415608,0.839382940108893,0.0281306715063521,0.00362976406533575,0.00907441016333938,1102,"CO","Cheyenne"
"08019",0.465223320831913,0.438970337538357,0.0622229798840777,0.0201159222638936,0.0134674394817593,5866,"CO","Clear Creek"
"08021",0.440328194927897,0.475882645450025,0.0412729985082049,0.00596718050721034,0.0365489806066634,4022,"CO","Conejos"
"08023",0.608766233766234,0.318181818181818,0.0449134199134199,0.0102813852813853,0.0178571428571429,1848,"CO","Costilla"
"08025",0.222003929273084,0.706614276358874,0.0412573673870334,0.00720366732154551,0.022920759659463,1527,"CO","Crowley"
"08027",0.259947814742335,0.672211350293542,0.0459882583170254,0.00782778864970646,0.0140247879973907,3066,"CO","Custer"
"08029",0.2434187016081,0.694163192376415,0.02829064919595,0.0151876116736152,0.0189398451459202,16790,"CO","Delta"
"08031",0.73692790762147,0.188909513879681,0.0447820112580307,0.0168147246362836,0.0125658426045346,331852,"CO","Denver"
"08033",0.192828685258964,0.752191235059761,0.0247011952191235,0.0103585657370518,0.0199203187250996,1255,"CO","Dolores"
"08035",0.366172619587304,0.547058917647561,0.0544642904762159,0.00787737534600185,0.024426796942917,187499,"CO","Douglas"
"08037",0.558973952345082,0.356420727114142,0.0542362129802165,0.016770407960988,0.0135986995995718,25223,"CO","Eagle"
"08039",0.196144698961071,0.732569783452247,0.0416823131806234,0.00863687570409313,0.0209663287019652,15978,"CO","Elbert"
"08041",0.338624371800218,0.561901387917872,0.062316791392213,0.0128320484564234,0.0243254004332737,318967,"CO","El Paso"
"08043",0.241068584171483,0.688208255586402,0.0405042552223183,0.0110590269876667,0.0191598780321303,21973,"CO","Fremont"
"08045",0.42580279561768,0.496108802417832,0.0428787306384586,0.0176803928976199,0.0175292784284095,26470,"CO","Garfield"
"08047",0.456935123042506,0.437919463087248,0.0539709172259508,0.0341163310961969,0.0170581655480984,3576,"CO","Gilpin"
"08049",0.391010712622264,0.523288309268747,0.0567070330693992,0.0149045179319981,0.014089427107592,8588,"CO","Grand"
"08051",0.544836379090523,0.349447513812155,0.0632171695707607,0.0264555886102847,0.0160433489162771,9412,"CO","Gunnison"
"08053",0.33446519524618,0.575551782682513,0.0458404074702886,0.0186757215619694,0.0254668930390492,589,"CO","Hinsdale"
"08055",0.431667988369019,0.497753106000529,0.0399154110494317,0.0126883425852498,0.0179751519957706,3783,"CO","Huerfano"
"08057",0.198606271777003,0.73054587688734,0.0476190476190476,0.00813008130081301,0.0150987224157956,861,"CO","Jackson"
"08059",0.488856185501183,0.420141570532896,0.056363680590607,0.0139229267640065,0.0207156366113074,328882,"CO","Jefferson"
"08061",0.106432748538012,0.851461988304094,0.0280701754385965,0.00116959064327485,0.0128654970760234,855,"CO","Kiowa"
"08063",0.144786601836845,0.801458670988655,0.0256618044300378,0.00432198811453269,0.0237709346299298,3702,"CO","Kit Carson"
"08065",0.505157861831822,0.39699906220694,0.0540793998124414,0.0243826195686152,0.0193810565801813,3199,"CO","Lake"
"08067",0.498394863563403,0.404077046548957,0.0602889245585875,0.0213483146067416,0.0158908507223114,31150,"CO","La Plata"
"08069",0.475114807633432,0.425706704765792,0.0587304827023166,0.0163435044392285,0.0241045004592305,195980,"CO","Larimer"
"08071",0.390107463565435,0.546150448991609,0.0369498012660091,0.00912704254379508,0.0176652436331518,6793,"CO","Las Animas"
"08073",0.167898193760263,0.776683087027915,0.0316091954022989,0.00369458128078818,0.0201149425287356,2436,"CO","Lincoln"
"08075",0.190392923266818,0.749022834807653,0.0328121785640815,0.00668586710553384,0.0210861962559144,9722,"CO","Logan"
"08077",0.27982177121296,0.641044132229276,0.0473259243042767,0.0091689954026245,0.0226391768508622,77653,"CO","Mesa"
"08079",0.363496932515337,0.52760736196319,0.0644171779141104,0.0168711656441718,0.0276073619631902,652,"CO","Mineral"
"08081",0.133946360153257,0.813026819923372,0.0274329501915709,0.00475095785440613,0.0208429118773946,6525,"CO","Moffat"
"08083",0.308990511743662,0.610748172344066,0.0423082905584072,0.0182765593404884,0.0196764660133769,12858,"CO","Montezuma"
"08085",0.258000566411781,0.678844519966015,0.0346927216086095,0.0065137354856981,0.0219484565278958,21186,"CO","Montrose"
"08087",0.263461538461538,0.681020066889632,0.0292642140468227,0.00668896321070234,0.0195652173913043,11960,"CO","Morgan"
"08089",0.348201609086607,0.583057264552769,0.0378608613345954,0.0067439659252248,0.0241362991008045,8452,"CO","Otero"
"08091",0.512688821752266,0.408157099697885,0.0453172205438066,0.018429003021148,0.0154078549848943,3310,"CO","Ouray"
"08093",0.328405491024287,0.588941153883076,0.0488624364020351,0.0162234808486128,0.0175674378419891,10417,"CO","Park"
"08095",0.18696397941681,0.768010291595197,0.0257289879931389,0.00385934819897084,0.0154373927958834,2332,"CO","Phillips"
"08097",0.696854509170389,0.24232633279483,0.0355411954765751,0.0176755678038582,0.00760239475434762,10523,"CO","Pitkin"
"08099",0.236443381180223,0.703947368421053,0.0309011164274322,0.00598086124401914,0.0227272727272727,5016,"CO","Prowers"
"08101",0.456157973704956,0.461116903593317,0.0517763141164204,0.0119777229611169,0.0189710856241894,78646,"CO","Pueblo"
"08103",0.126376811594203,0.808985507246377,0.0342028985507246,0.00463768115942029,0.0257971014492754,3450,"CO","Rio Blanco"
"08105",0.361582941814239,0.557462956270329,0.0419226599204915,0.0110227683411637,0.0280086736537767,5534,"CO","Rio Grande"
"08107",0.543400543400543,0.373945373945374,0.0516230516230516,0.0147290147290147,0.0163020163020163,13986,"CO","Routt"
"08109",0.499823633156966,0.404585537918871,0.0324514991181658,0.0455026455026455,0.017636684303351,2835,"CO","Saguache"
"08111",0.523715415019763,0.424901185770751,0.033596837944664,0.00790513833992095,0.00988142292490119,506,"CO","San Juan"
"08113",0.687225687225687,0.238623238623239,0.0355740355740356,0.0295680295680296,0.00900900900900901,4329,"CO","San Miguel"
"08115",0.19574780058651,0.744134897360704,0.0205278592375367,0.0153958944281525,0.0241935483870968,1364,"CO","Sedgwick"
"08117",0.590886608136515,0.315320885371584,0.0618276245826635,0.0186719426239644,0.0132929392852727,16174,"CO","Summit"
"08119",0.249446136804209,0.674674605372473,0.0466629742453614,0.0114234284131819,0.0177928551647743,14444,"CO","Teller"
"08121",0.108305890962312,0.841200146359312,0.0300036589828028,0.00402488108305891,0.0164654226125137,2733,"CO","Washington"
"08123",0.343496175089346,0.565990784771244,0.055283988540036,0.00999054848332693,0.0252385031160469,135428,"CO","Weld"
"08125",0.151534126487163,0.803590064704655,0.0246295136714673,0.00333959507409727,0.0169067000626174,4791,"CO","Yuma"
"09001",0.578933498571968,0.380041736999922,0.0277558171833935,0.011552459705277,0.00171648753944004,421209,"CT","Bethel"
"09001",0.578933498571968,0.380041736999922,0.0277558171833935,0.011552459705277,0.00171648753944004,421209,"CT","Bridgeport"
"09001",0.578933498571968,0.380041736999922,0.0277558171833935,0.011552459705277,0.00171648753944004,421209,"CT","Brookfield"
"09001",0.578933498571968,0.380041736999922,0.0277558171833935,0.011552459705277,0.00171648753944004,421209,"CT","Danbury"
"09001",0.578933498571968,0.380041736999922,0.0277558171833935,0.011552459705277,0.00171648753944004,421209,"CT","Darien"
"09001",0.578933498571968,0.380041736999922,0.0277558171833935,0.011552459705277,0.00171648753944004,421209,"CT","Easton"
"09001",0.578933498571968,0.380041736999922,0.0277558171833935,0.011552459705277,0.00171648753944004,421209,"CT","Fairfield"
"09001",0.578933498571968,0.380041736999922,0.0277558171833935,0.011552459705277,0.00171648753944004,421209,"CT","Greenwich"
"09001",0.578933498571968,0.380041736999922,0.0277558171833935,0.011552459705277,0.00171648753944004,421209,"CT","Monroe"
"09001",0.578933498571968,0.380041736999922,0.0277558171833935,0.011552459705277,0.00171648753944004,421209,"CT","New Canaan"
"09001",0.578933498571968,0.380041736999922,0.0277558171833935,0.011552459705277,0.00171648753944004,421209,"CT","New Fairfield"
"09001",0.578933498571968,0.380041736999922,0.0277558171833935,0.011552459705277,0.00171648753944004,421209,"CT","Newtown"
"09001",0.578933498571968,0.380041736999922,0.0277558171833935,0.011552459705277,0.00171648753944004,421209,"CT","Norwalk"
"09001",0.578933498571968,0.380041736999922,0.0277558171833935,0.011552459705277,0.00171648753944004,421209,"CT","Redding"
"09001",0.578933498571968,0.380041736999922,0.0277558171833935,0.011552459705277,0.00171648753944004,421209,"CT","Ridgefield"
"09001",0.578933498571968,0.380041736999922,0.0277558171833935,0.011552459705277,0.00171648753944004,421209,"CT","Shelton"
"09001",0.578933498571968,0.380041736999922,0.0277558171833935,0.011552459705277,0.00171648753944004,421209,"CT","Sherman"
"09001",0.578933498571968,0.380041736999922,0.0277558171833935,0.011552459705277,0.00171648753944004,421209,"CT","Stamford"
"09001",0.578933498571968,0.380041736999922,0.0277558171833935,0.011552459705277,0.00171648753944004,421209,"CT","Stratford"
"09001",0.578933498571968,0.380041736999922,0.0277558171833935,0.011552459705277,0.00171648753944004,421209,"CT","Trumbull"
"09001",0.578933498571968,0.380041736999922,0.0277558171833935,0.011552459705277,0.00171648753944004,421209,"CT","Weston"
"09001",0.578933498571968,0.380041736999922,0.0277558171833935,0.011552459705277,0.00171648753944004,421209,"CT","Westport"
"09001",0.578933498571968,0.380041736999922,0.0277558171833935,0.011552459705277,0.00171648753944004,421209,"CT","Wilton"
"09003",0.590868201659523,0.364183117700263,0.0294865114632899,0.0139604388690078,0.00150173030791616,406864,"CT","Avon"
"09003",0.590868201659523,0.364183117700263,0.0294865114632899,0.0139604388690078,0.00150173030791616,406864,"CT","Berlin"
"09003",0.590868201659523,0.364183117700263,0.0294865114632899,0.0139604388690078,0.00150173030791616,406864,"CT","Bloomfield"
"09003",0.590868201659523,0.364183117700263,0.0294865114632899,0.0139604388690078,0.00150173030791616,406864,"CT","Bristol"
"09003",0.590868201659523,0.364183117700263,0.0294865114632899,0.0139604388690078,0.00150173030791616,406864,"CT","Burlington"
"09003",0.590868201659523,0.364183117700263,0.0294865114632899,0.0139604388690078,0.00150173030791616,406864,"CT","Canton"
"09003",0.590868201659523,0.364183117700263,0.0294865114632899,0.0139604388690078,0.00150173030791616,406864,"CT","East Granby"
"09003",0.590868201659523,0.364183117700263,0.0294865114632899,0.0139604388690078,0.00150173030791616,406864,"CT","East Hartford"
"09003",0.590868201659523,0.364183117700263,0.0294865114632899,0.0139604388690078,0.00150173030791616,406864,"CT","East Windsor"
"09003",0.590868201659523,0.364183117700263,0.0294865114632899,0.0139604388690078,0.00150173030791616,406864,"CT","Enfield"
"09003",0.590868201659523,0.364183117700263,0.0294865114632899,0.0139604388690078,0.00150173030791616,406864,"CT","Farmington"
"09003",0.590868201659523,0.364183117700263,0.0294865114632899,0.0139604388690078,0.00150173030791616,406864,"CT","Glastonbury"
"09003",0.590868201659523,0.364183117700263,0.0294865114632899,0.0139604388690078,0.00150173030791616,406864,"CT","Granby"
"09003",0.590868201659523,0.364183117700263,0.0294865114632899,0.0139604388690078,0.00150173030791616,406864,"CT","Hartford"
"09003",0.590868201659523,0.364183117700263,0.0294865114632899,0.0139604388690078,0.00150173030791616,406864,"CT","Hartland"
"09003",0.590868201659523,0.364183117700263,0.0294865114632899,0.0139604388690078,0.00150173030791616,406864,"CT","Manchester"
"09003",0.590868201659523,0.364183117700263,0.0294865114632899,0.0139604388690078,0.00150173030791616,406864,"CT","Marlborough"
"09003",0.590868201659523,0.364183117700263,0.0294865114632899,0.0139604388690078,0.00150173030791616,406864,"CT","New Britain"
"09003",0.590868201659523,0.364183117700263,0.0294865114632899,0.0139604388690078,0.00150173030791616,406864,"CT","Newington"
"09003",0.590868201659523,0.364183117700263,0.0294865114632899,0.0139604388690078,0.00150173030791616,406864,"CT","Plainville"
"09003",0.590868201659523,0.364183117700263,0.0294865114632899,0.0139604388690078,0.00150173030791616,406864,"CT","Rocky Hill"
"09003",0.590868201659523,0.364183117700263,0.0294865114632899,0.0139604388690078,0.00150173030791616,406864,"CT","Simsbury"
"09003",0.590868201659523,0.364183117700263,0.0294865114632899,0.0139604388690078,0.00150173030791616,406864,"CT","South Windsor"
